2023-05-22 12:08:03,1,0,0,1,74
2023-05-22 12:08:03,1,0,0,1,74
2023-05-22 12:08:03,1,0,0,1,74
2023-05-22 12:08:03,1,0,0,1,74
2023-05-22 12:08:03,1,0,0,1,74
2023-05-22 12:08:03,1,0,0,1,74
2023-05-22 12:08:03,1,0,0,1,74
2023-05-22 12:08:03,1,0,0,1,74
2023-05-22 12:08:03,1,0,0,1,74
2023-05-22 12:08:03,1,0,0,1,74
2023-05-22 12:08:03,1,0,0,1,74
2023-05-22 12:08:03,1,0,0,1,74
2023-05-22 12:08:03,1,0,0,1,74
2023-05-22 12:08:03,1,0,0,1,74
2023-05-22 12:08:03,1,0,0,1,74
2023-05-22 12:08:03,1,0,0,1,73
2023-05-22 12:08:03,1,0,0,1,73
2023-05-22 12:08:03,1,0,0,1,73
2023-05-22 12:08:03,1,0,0,1,74
2023-05-22 12:08:03,1,0,0,1,74
2023-05-22 12:08:03,1,0,0,1,74
2023-05-22 12:08:03,1,0,0,1,74
2023-05-22 12:08:03,1,0,0,0,74
2023-05-22 12:08:03,1,0,0,1,73
2023-05-22 12:08:03,1,0,0,1,74
2023-05-22 12:08:03,1,0,0,1,74
2023-05-22 12:08:03,1,0,0,1,74
2023-05-22 12:08:03,1,0,0,1,73
2023-05-22 12:08:03,1,0,0,1,73
